0	4
0	5
0	7
0	8
0	9
0	10
0	11
0	12
0	13
0	14
0	15
0	16
0	17
0	18
0	19
0	20
0	21
0	22
0	23
0	24
0	25
0	26
0	27
0	28
0	29
0	30
0	31
0	32
0	33
0	34
0	35
0	36
0	37
0	38
0	39
0	40
0	41
0	42
0	43
0	44
0	45
0	46
0	47
0	48
0	49
0	50
0	51
0	52
0	53
0	54
0	55
0	56
0	57
0	58
0	59
0	60
0	61
0	62
0	63
0	64
0	65
0	66
0	67
0	68
0	69
0	70
0	71
0	72
0	73
0	74
0	75
0	76
0	77
0	78
0	79
0	80
0	81
0	82
0	83
0	84
0	85
0	86
0	87
0	88
0	89
0	90
0	91
0	92
0	93
0	94
0	95
0	96
0	97
0	98
0	99
0	100
0	101
0	102
0	103
0	104
0	105
0	106
0	107
0	108
0	109
0	110
0	111
0	112
0	113
0	114
0	115
0	116
0	117
0	118
0	119
0	120
0	121
0	122
0	123
0	124
0	125
0	126
0	127
0	128
0	129
0	130
0	131
0	132
0	133
0	134
0	135
0	136
0	137
0	138
0	139
0	140
0	141
0	142
0	799
4	1
4	10
4	12
4	18
4	19
4	25
4	27
4	28
4	30
4	31
4	32
4	33
4	38
4	40
4	50
4	51
4	64
4	73
4	74
4	81
4	83
4	88
4	96
4	100
4	101
4	107
4	108
4	117
4	118
4	135
4	169
4	223
4	233
4	295
4	310
4	333
4	335
4	368
4	388
4	401
4	409
4	426
4	427
4	433
4	449
4	545
4	550
4	551
4	588
4	639
4	681
4	686
4	715
4	716
4	717
4	718
4	719
4	720
4	721
4	722
4	723
4	724
4	725
4	726
4	727
4	728
4	729
4	730
4	731
4	732
4	733
4	734
4	735
4	736
4	737
4	738
5	0
5	1
5	2
5	4
5	8
5	12
5	21
5	24
5	26
5	27
5	28
5	29
5	30
5	34
5	35
5	48
5	50
5	51
5	55
5	61
5	66
5	68
5	69
5	72
5	73
5	74
5	76
5	77
5	87
5	89
5	90
5	93
5	96
5	97
5	100
5	102
5	103
5	104
5	116
5	120
5	122
5	123
5	124
5	155
5	225
5	233
5	235
5	236
5	237
5	245
5	249
5	295
5	303
5	330
5	335
5	366
5	369
5	398
5	401
5	402
5	413
5	421
5	433
5	437
5	438
5	443
5	445
5	548
5	550
5	551
5	555
5	560
5	563
5	625
5	651
5	664
5	681
5	683
5	686
5	719
5	733
5	775
5	776
5	777
5	778
5	779
5	780
5	781
5	782
5	783
5	784
5	785
5	786
5	787
5	788
5	789
5	790
5	791
5	792
5	793
5	794
7	8
7	40
7	77
7	168
7	365
7	551
7	699
7	999
7	1003
7	1022
7	1106
7	1107
7	1108
7	1109
7	71389
8	0
8	5
8	31
8	138
8	155
8	158
8	222
8	318
8	508
8	547
8	588
8	776
8	796
8	965
8	979
8	1005
8	1008
8	1118
8	1119
8	1120
8	1121
8	1122
8	1123
8	1124
8	1125
8	1126
8	1127
8	1128
8	1129
9	0
9	10
9	31
9	33
9	64
9	135
9	155
9	159
9	728
9	843
9	846
9	848
9	917
9	923
9	1163
9	1164
10	1
10	2
10	4
10	7
10	9
10	11
10	12
10	18
10	24
10	27
10	29
10	30
10	31
10	35
10	38
10	43
10	44
10	48
10	50
10	51
10	61
10	65
10	66
10	69
10	72
10	73
10	74
10	78
10	83
10	88
10	90
10	92
10	98
10	100
10	102
10	103
10	104
10	110
10	117
10	124
10	141
10	165
10	233
10	301
10	302
10	312
10	319
10	335
10	344
10	345
10	354
10	367
10	369
10	384
10	385
10	395
10	401
10	402
10	408
10	409
10	411
10	414
10	415
10	418
10	426
10	433
10	436
10	449
10	545
10	549
10	550
10	555
10	559
10	586
10	611
10	612
10	620
10	625
10	627
10	663
10	664
10	712
10	721
10	727
10	728
10	729
10	730
10	733
10	766
10	783
10	852
10	965
10	974
10	979
10	993
10	998
10	1026
10	1027
10	1166
10	1167
10	1168
10	1169
10	1170
10	1171
10	1172
10	1173
10	1174
10	1175
10	1176
10	1177
10	1178
10	1179
10	1180
10	1181
10	1182
10	1183
10	1184
10	1185
10	1186
10	1187
10	1188
10	1189
10	1190
10	1191
10	1192
10	71389
11	0
11	1
11	2
11	4
11	5
11	6
11	10
11	12
11	16
11	18
11	21
11	24
11	25
11	26
11	27
11	29
11	30
11	31
11	33
11	34
11	35
11	36
11	40
11	43
11	44
11	46
11	47
11	50
11	51
11	53
11	55
11	59
11	61
11	65
11	66
11	69
11	72
11	74
11	76
11	79
11	81
11	87
11	89
11	90
11	93
11	96
11	97
11	98
11	100
11	101
11	102
11	103
11	105
11	106
11	108
11	109
11	110
11	117
11	122
11	127
11	136
11	138
11	141
11	155
11	165
11	195
11	211
11	231
11	235
11	237
11	249
11	257
11	269
11	319
11	327
11	329
11	333
11	335
11	344
11	345
11	357
11	359
11	366
11	368
11	369
11	374
11	378
11	383
11	385
11	387
11	388
11	398
11	401
11	402
11	407
11	410
11	413
11	414
11	418
11	421
11	427
11	434
11	437
11	441
11	443
11	449
11	475
11	500
11	546
11	550
11	551
11	555
11	558
11	564
11	586
11	588
11	597
11	598
11	625
11	629
11	645
11	661
11	663
11	681
11	683
11	688
11	717
11	720
11	721
11	723
11	728
11	735
11	746
11	777
11	779
11	781
11	782
11	783
11	812
11	879
11	890
11	954
11	1014
11	1027
11	1029
11	1033
11	1075
11	1110
11	1163
11	1169
11	1172
11	1174
11	1181
11	1243
11	1244
11	1245
11	1246
11	1247
11	1248
11	1249
11	1250
11	1251
11	1252
11	1253
11	1254
11	1255
11	1256
11	1257
11	1258
11	1259
11	1260
11	1261
11	1262
11	1263
11	1264
11	1265
11	1266
11	1267
11	1268
11	1269
11	1270
11	1271
11	1272
11	1273
11	1274
11	1275
11	1276
11	1277
11	1278
11	1279
11	71388
12	0
12	2
12	4
12	5
12	10
12	11
12	14
12	20
12	24
12	26
12	27
12	28
12	29
12	30
12	31
12	33
12	34
12	35
12	37
12	38
12	40
12	43
12	48
12	49
12	50
12	51
12	53
12	55
12	59
12	61
12	65
12	67
12	69
12	72
12	73
12	74
12	76
12	79
12	81
12	83
12	86
12	87
12	89
12	90
12	93
12	96
12	97
12	98
12	100
12	101
12	102
12	103
12	104
12	105
12	107
12	108
12	109
12	110
12	116
12	117
12	119
12	122
12	125
12	127
12	141
12	156
12	159
12	168
12	169
12	193
12	195
12	199
12	210
12	225
12	233
12	235
12	237
12	242
12	249
12	295
12	303
12	312
12	329
12	331
12	333
12	335
12	345
12	350
12	368
12	369
12	375
12	382
12	383
12	384
12	385
12	386
12	393
12	394
12	398
12	401
12	402
12	409
12	413
12	414
12	418
12	421
12	426
12	428
12	433
12	437
12	438
12	443
12	445
12	449
12	545
12	546
12	549
12	550
12	551
12	555
12	558
12	584
12	586
12	588
12	597
12	624
12	639
12	653
12	663
12	681
12	683
12	684
12	716
12	717
12	720
12	721
12	722
12	725
12	726
12	729
12	730
12	778
12	779
12	780
12	781
12	783
12	795
12	804
12	853
12	860
12	879
12	916
12	917
12	946
12	954
12	961
12	974
12	982
12	994
12	996
12	1010
12	1014
12	1015
12	1036
12	1105
12	1164
12	1167
12	1169
12	1174
12	1178
12	1191
12	1248
12	1253
12	1264
12	1272
12	1293
12	1294
12	1295
12	1296
12	1297
12	1298
12	1299
12	1300
12	1301
12	1302
12	1303
12	1304
12	1305
12	1306
12	1307
12	1308
12	1309
12	1310
12	1311
12	1312
12	1313
12	1314
12	1315
12	1316
12	1317
12	1318
12	1319
12	1320
12	1321
12	1322
12	1323
12	1324
12	2752
13	118
13	130
13	135
13	136
13	301
13	1023
13	1111
13	1164
13	1171
13	1173
13	1191
13	1207
13	1390
13	1391
13	1392
13	1393
13	1394
13	1395
13	1396
13	1397
13	1398
13	1399
13	1400
13	1401
13	1402
13	1403
13	1404
13	1405
13	1406
13	1407
13	1408
13	1409
13	1410
13	1411
13	1412
13	1413
13	1414
14	96
14	398
14	697
14	715
14	729
14	854
14	987
14	993
14	1015
14	1192
14	1296
14	1399
14	1574
14	1575
14	1576
14	1577
14	1578
14	1579
14	1580
14	1581
14	71383
15	0
15	18
15	49
15	61
